4 8 380
d IfOp Matched Unmatched 
id lpar rpar kwif kwelse lbrace rbrace end 
-1 366 18 19 -1 -1 -1 s 214 -1 s 351 -1 -1 
-1 365 10 20 s 188 -1 -1 s 197 -1 s 352 -1 -1 
-1 365 11 20 s 188 -1 -1 s 197 -1 s 352 -1 -1 
-1 365 12 20 s 188 -1 -1 s 197 -1 s 352 -1 -1 
-1 365 13 20 s 188 -1 -1 s 197 -1 s 352 -1 -1 
-1 365 14 20 -1 -1 -1 s 197 -1 s 352 -1 -1 
-1 365 15 20 -1 -1 -1 s 197 -1 s 352 -1 -1 
-1 365 16 20 -1 -1 -1 s 197 -1 s 352 -1 -1 
-1 365 17 20 -1 -1 -1 s 197 -1 s 352 -1 -1 
-1 365 18 19 -1 -1 -1 s 214 -1 s 351 -1 -1 
-1 -1 25 360 -1 s 324 s 71 -1 s 23 -1 -1 r -2 IfOp Matched .  
-1 -1 28 360 -1 s 324 s 71 -1 s 26 -1 -1 r -2 IfOp Matched .  
-1 -1 67 360 -1 s 324 s 71 -1 s 65 -1 -1 r -2 IfOp Matched .  
-1 -1 71 360 -1 s 324 s 71 -1 s 68 -1 -1 r -2 IfOp Matched .  
-1 -1 30 360 -1 s 324 -1 -1 s 29 -1 -1 r -2 IfOp Matched .  
-1 -1 50 360 -1 s 324 -1 -1 s 49 -1 -1 r -2 IfOp Matched .  
-1 -1 73 360 -1 s 324 -1 -1 s 72 -1 -1 r -2 IfOp Matched .  
-1 -1 324 360 -1 s 324 -1 -1 s 322 -1 -1 r -2 IfOp Matched .  
-1 -1 328 374 -1 s 328 -1 -1 -1 -1 -1 r -2 IfOp Matched .  
-1 -1 374 374 -1 s 374 -1 -1 -1 -1 -1 r -2 IfOp Unmatched .  
-1 -1 374 360 -1 s 374 -1 -1 s 360 -1 -1 r -2 IfOp Unmatched .  
-1 -1 135 -1 s 148 -1 -1 s 132 -1 s 352 -1 -1 
-1 -1 136 -1 s 148 -1 -1 s 132 -1 s 352 -1 -1 
-1 362 138 369 s 150 -1 -1 s 197 -1 s 352 -1 -1 
-1 362 137 371 s 149 -1 -1 s 197 -1 s 352 -1 -1 
-1 -1 139 377 s 151 -1 -1 s 132 -1 s 352 -1 -1 
-1 362 141 369 s 150 -1 -1 s 197 -1 s 352 -1 -1 
-1 362 140 371 s 149 -1 -1 s 197 -1 s 352 -1 -1 
-1 -1 142 377 s 151 -1 -1 s 132 -1 s 352 -1 -1 
-1 362 146 369 s 150 -1 -1 s 197 -1 s 352 -1 -1 
-1 -1 147 377 s 151 -1 -1 s 132 -1 s 352 -1 -1 
-1 -1 159 -1 s 187 -1 -1 s 132 -1 s 352 -1 -1 
-1 362 161 370 s 188 -1 -1 s 197 -1 s 352 -1 -1 
-1 362 160 371 s 188 -1 -1 s 197 -1 s 352 -1 -1 
-1 -1 162 379 s 187 -1 -1 s 132 -1 s 352 -1 -1 
-1 -1 166 -1 s 187 -1 -1 s 132 -1 s 352 -1 -1 
-1 362 168 370 s 188 -1 -1 s 197 -1 s 352 -1 -1 
-1 362 167 371 s 188 -1 -1 s 197 -1 s 352 -1 -1 
-1 -1 169 379 s 187 -1 -1 s 132 -1 s 352 -1 -1 
-1 -1 174 -1 s 187 -1 -1 s 132 -1 s 352 -1 -1 
-1 -1 175 -1 s 187 -1 -1 s 132 -1 s 352 -1 -1 
-1 362 177 370 s 188 -1 -1 s 197 -1 s 352 -1 -1 
-1 362 176 371 s 188 -1 -1 s 197 -1 s 352 -1 -1 
-1 -1 178 379 s 187 -1 -1 s 132 -1 s 352 -1 -1 
-1 362 179 371 s 188 -1 -1 s 197 -1 s 352 -1 -1 
-1 -1 183 -1 s 187 -1 -1 s 132 -1 s 352 -1 -1 
-1 362 185 370 s 188 -1 -1 s 197 -1 s 352 -1 -1 
-1 362 184 371 s 188 -1 -1 s 197 -1 s 352 -1 -1 
-1 -1 186 379 s 187 -1 -1 s 132 -1 s 352 -1 -1 
-1 362 199 369 s 201 -1 -1 s 214 -1 s 351 -1 -1 
-1 -1 200 377 s 202 -1 -1 s 131 -1 s 351 -1 -1 
-1 -1 207 -1 s 209 -1 -1 s 131 -1 s 351 -1 -1 
-1 362 208 371 s 210 -1 -1 s 214 -1 s 351 -1 -1 
-1 -1 219 -1 s 237 -1 -1 s 216 -1 s 353 -1 -1 
-1 -1 220 -1 s 237 -1 -1 s 216 -1 s 353 -1 -1 
-1 -1 221 377 s 241 -1 -1 s 216 -1 s 353 -1 -1 
-1 -1 222 378 s 241 -1 -1 s 216 -1 s 353 -1 -1 
-1 -1 223 379 s 237 -1 -1 s 216 -1 s 353 -1 -1 
-1 375 224 377 s 240 -1 -1 s 216 -1 s 353 -1 -1 
-1 375 225 378 s 240 -1 -1 s 216 -1 s 353 -1 -1 
-1 -1 224 377 s 241 -1 -1 s 216 -1 s 353 -1 -1 
-1 -1 225 378 s 241 -1 -1 s 216 -1 s 353 -1 -1 
-1 -1 226 379 s 237 -1 -1 s 216 -1 s 353 -1 -1 
-1 -1 227 -1 s 237 -1 -1 s 216 -1 s 353 -1 -1 
-1 -1 228 -1 s 237 -1 -1 s 216 -1 s 353 -1 -1 
-1 362 230 369 s 239 -1 -1 s 312 -1 s 353 -1 -1 
-1 362 229 371 s 238 -1 -1 s 312 -1 s 353 -1 -1 
-1 -1 231 377 s 241 -1 -1 s 216 -1 s 353 -1 -1 
-1 362 233 369 s 239 -1 -1 s 312 -1 s 353 -1 -1 
-1 362 232 371 s 238 -1 -1 s 312 -1 s 353 -1 -1 
-1 375 234 377 s 240 -1 -1 s 216 -1 s 353 -1 -1 
-1 -1 234 377 s 241 -1 -1 s 216 -1 s 353 -1 -1 
-1 362 235 369 s 239 -1 -1 s 312 -1 s 353 -1 -1 
-1 -1 236 377 s 241 -1 -1 s 216 -1 s 353 -1 -1 
-1 375 247 378 s 252 -1 -1 s 216 -1 s 353 -1 -1 
-1 -1 247 378 s 253 -1 -1 s 216 -1 s 353 -1 -1 
-1 -1 248 379 s 251 -1 -1 s 216 -1 s 353 -1 -1 
-1 -1 249 -1 s 251 -1 -1 s 216 -1 s 353 -1 -1 
-1 375 250 377 s 252 -1 -1 s 216 -1 s 353 -1 -1 
-1 -1 250 377 s 253 -1 -1 s 216 -1 s 353 -1 -1 
-1 -1 257 -1 s 287 -1 -1 s 216 -1 s 353 -1 -1 
-1 -1 258 -1 s 287 -1 -1 s 216 -1 s 353 -1 -1 
-1 -1 259 -1 s 287 -1 -1 s 216 -1 s 353 -1 -1 
-1 -1 260 377 s 291 -1 -1 s 216 -1 s 353 -1 -1 
-1 -1 261 378 s 291 -1 -1 s 216 -1 s 353 -1 -1 
-1 -1 262 379 s 287 -1 -1 s 216 -1 s 353 -1 -1 
-1 375 263 377 s 290 -1 -1 s 216 -1 s 353 -1 -1 
-1 375 264 378 s 290 -1 -1 s 216 -1 s 353 -1 -1 
-1 -1 263 377 s 291 -1 -1 s 216 -1 s 353 -1 -1 
-1 -1 264 378 s 291 -1 -1 s 216 -1 s 353 -1 -1 
-1 -1 265 379 s 287 -1 -1 s 216 -1 s 353 -1 -1 
-1 -1 266 -1 s 287 -1 -1 s 216 -1 s 353 -1 -1 
-1 -1 267 379 s 287 -1 -1 s 216 -1 s 353 -1 -1 
-1 -1 268 379 s 287 -1 -1 s 216 -1 s 353 -1 -1 
-1 -1 269 -1 s 287 -1 -1 s 216 -1 s 353 -1 -1 
-1 -1 270 -1 s 287 -1 -1 s 216 -1 s 353 -1 -1 
-1 362 272 369 s 289 -1 -1 s 312 -1 s 353 -1 -1 
-1 362 273 370 s 288 -1 -1 s 312 -1 s 353 -1 -1 
-1 362 271 371 s 288 -1 -1 s 312 -1 s 353 -1 -1 
-1 -1 274 377 s 291 -1 -1 s 216 -1 s 353 -1 -1 
-1 -1 275 378 s 291 -1 -1 s 216 -1 s 353 -1 -1 
-1 -1 276 379 s 287 -1 -1 s 216 -1 s 353 -1 -1 
-1 362 278 369 s 289 -1 -1 s 312 -1 s 353 -1 -1 
-1 362 277 371 s 288 -1 -1 s 312 -1 s 353 -1 -1 
-1 375 280 377 s 290 -1 -1 s 216 -1 s 353 -1 -1 
-1 375 281 378 s 290 -1 -1 s 216 -1 s 353 -1 -1 
-1 -1 280 377 s 291 -1 -1 s 216 -1 s 353 -1 -1 
-1 -1 281 378 s 291 -1 -1 s 216 -1 s 353 -1 -1 
-1 -1 282 379 s 287 -1 -1 s 216 -1 s 353 -1 -1 
-1 -1 283 -1 s 287 -1 -1 s 216 -1 s 353 -1 -1 
-1 362 285 370 s 288 -1 -1 s 312 -1 s 353 -1 -1 
-1 362 284 371 s 288 -1 -1 s 312 -1 s 353 -1 -1 
-1 -1 286 379 s 287 -1 -1 s 216 -1 s 353 -1 -1 
-1 362 295 370 s 288 -1 -1 s 312 -1 s 353 -1 -1 
-1 -1 298 379 s 287 -1 -1 s 216 -1 s 353 -1 -1 
-1 -1 299 -1 -1 -1 -1 s 216 -1 s 353 -1 -1 
-1 -1 300 -1 -1 -1 -1 s 216 -1 s 353 -1 -1 
-1 375 301 378 s 310 -1 -1 s 216 -1 s 353 -1 -1 
-1 -1 301 378 s 311 -1 -1 s 216 -1 s 353 -1 -1 
-1 -1 302 379 -1 -1 -1 s 216 -1 s 353 -1 -1 
-1 -1 303 379 -1 -1 -1 s 216 -1 s 353 -1 -1 
-1 -1 304 -1 -1 -1 -1 s 216 -1 s 353 -1 -1 
-1 375 305 377 s 310 -1 -1 s 216 -1 s 353 -1 -1 
-1 375 306 378 s 310 -1 -1 s 216 -1 s 353 -1 -1 
-1 -1 305 377 s 311 -1 -1 s 216 -1 s 353 -1 -1 
-1 -1 306 378 s 311 -1 -1 s 216 -1 s 353 -1 -1 
-1 -1 307 379 -1 -1 -1 s 216 -1 s 353 -1 -1 
-1 362 313 370 -1 -1 -1 s 312 -1 s 353 -1 -1 
-1 375 316 378 s 310 -1 -1 s 216 -1 s 353 -1 -1 
-1 -1 316 378 s 311 -1 -1 s 216 -1 s 353 -1 -1 
-1 -1 317 379 -1 -1 -1 s 216 -1 s 353 -1 -1 
-1 -1 318 -1 -1 s 318 -1 -1 -1 -1 -1 -1 
-1 -1 319 -1 -1 s 319 -1 -1 -1 -1 -1 -1 
-1 -1 53 -1 -1 s 319 s 53 -1 -1 -1 -1 -1 
-1 -1 54 -1 -1 s 319 s 53 -1 s 54 -1 -1 -1 
-1 -1 54 -1 -1 s 319 s 53 -1 s 54 -1 -1 r -2 Matched kwif lpar id rpar Matched kwelse Matched .  
-1 -1 54 -1 -1 s 319 s 53 -1 r -2 Matched kwif lpar id rpar Matched kwelse Matched .  -1 -1 r -2 Matched kwif lpar id rpar Matched kwelse Matched .  
-1 -1 55 374 -1 s 324 s 60 -1 r -2 Matched kwif lpar id rpar Matched kwelse Matched .  -1 -1 r -2 Matched kwif lpar id rpar Matched kwelse Matched .  
-1 -1 56 129 -1 s 324 s 61 -1 r -2 Matched kwif lpar id rpar Matched kwelse Matched .  -1 -1 r -2 Matched kwif lpar id rpar Matched kwelse Matched .  
-1 -1 57 130 -1 s 319 s 62 -1 r -2 Matched kwif lpar id rpar Matched kwelse Matched .  -1 -1 r -2 Matched kwif lpar id rpar Matched kwelse Matched .  
-1 -1 55 374 -1 s 324 s 60 -1 s 55 -1 -1 r -2 Matched kwif lpar id rpar Matched kwelse Matched .  
-1 -1 56 129 -1 s 324 s 61 -1 s 56 -1 -1 r -2 Matched kwif lpar id rpar Matched kwelse Matched .  
-1 -1 57 130 -1 s 319 s 62 -1 s 57 -1 -1 r -2 Matched kwif lpar id rpar Matched kwelse Matched .  
-1 -1 55 374 -1 s 324 s 60 -1 s 55 -1 -1 -1 
-1 -1 56 129 -1 s 324 s 61 -1 s 56 -1 -1 -1 
-1 -1 57 130 -1 s 319 s 62 -1 s 57 -1 -1 -1 
-1 -1 61 129 -1 s 324 s 61 -1 r -2 Matched kwif lpar id rpar Matched kwelse Matched .  -1 -1 r -2 Matched kwif lpar id rpar Matched kwelse Matched .  
-1 -1 62 130 -1 s 319 s 62 -1 r -2 Matched kwif lpar id rpar Matched kwelse Matched .  -1 -1 r -2 Matched kwif lpar id rpar Matched kwelse Matched .  
-1 -1 53 -1 s 320 s 319 s 53 -1 -1 -1 -1 -1 
-1 372 60 374 s 321 s 323 s 58 -1 -1 -1 -1 -1 
-1 372 61 129 s 321 s 323 s 59 -1 -1 -1 -1 -1 
-1 -1 62 130 s 320 s 319 s 62 -1 -1 -1 -1 -1 
-1 372 60 374 -1 s 323 s 58 -1 -1 -1 -1 -1 
-1 372 61 129 -1 s 323 s 59 -1 -1 -1 -1 -1 
-1 -1 61 129 -1 s 324 s 61 -1 -1 -1 -1 -1 
-1 -1 62 130 -1 s 319 s 62 -1 -1 -1 -1 -1 
-1 -1 63 -1 -1 s 319 s 63 -1 -1 -1 -1 -1 
-1 -1 21 -1 -1 s 319 s 63 -1 s 21 -1 -1 -1 
-1 -1 22 -1 -1 s 319 s 63 -1 s 22 -1 -1 -1 
-1 -1 22 -1 -1 s 319 s 63 -1 r -2 Matched kwif lpar id rpar Matched kwelse Matched .  -1 -1 r -2 Matched kwif lpar id rpar Matched kwelse Matched .  
-1 -1 25 374 -1 s 324 s 71 -1 r -2 Matched kwif lpar id rpar Matched kwelse Matched .  -1 -1 r -2 Matched kwif lpar id rpar Matched kwelse Matched .  
-1 -1 25 360 -1 s 324 s 71 -1 s 23 -1 -1 r -2 Matched kwif lpar id rpar Matched kwelse Matched .  
-1 -1 22 361 -1 s 319 s 63 -1 s 24 -1 -1 r -2 Matched kwif lpar id rpar Matched kwelse Matched .  
-1 -1 25 374 -1 s 324 s 71 -1 s 25 -1 -1 -1 
-1 -1 25 360 -1 s 324 s 71 -1 s 23 -1 -1 -1 
-1 -1 22 361 -1 s 319 s 63 -1 s 24 -1 -1 -1 
-1 -1 21 -1 -1 s 319 s 63 -1 r -2 Matched kwif lpar id rpar Matched kwelse Matched .  -1 -1 r -2 Matched kwif lpar id rpar Matched kwelse Matched .  
-1 -1 28 374 -1 s 324 s 71 -1 r -2 Matched kwif lpar id rpar Matched kwelse Matched .  -1 -1 r -2 Matched kwif lpar id rpar Matched kwelse Matched .  
-1 -1 28 360 -1 s 324 s 71 -1 s 26 -1 -1 r -2 Matched kwif lpar id rpar Matched kwelse Matched .  
-1 -1 21 361 -1 s 319 s 63 -1 s 27 -1 -1 r -2 Matched kwif lpar id rpar Matched kwelse Matched .  
-1 -1 28 374 -1 s 324 s 71 -1 s 28 -1 -1 -1 
-1 -1 28 360 -1 s 324 s 71 -1 s 26 -1 -1 -1 
-1 -1 21 361 -1 s 319 s 63 -1 s 27 -1 -1 -1 
-1 -1 64 -1 -1 s 319 s 63 -1 s 64 -1 -1 -1 
-1 -1 64 -1 -1 s 319 s 63 -1 s 64 -1 -1 r -2 Matched kwif lpar id rpar Matched kwelse Matched .  
-1 -1 64 -1 -1 s 319 s 63 -1 r -2 Matched kwif lpar id rpar Matched kwelse Matched .  -1 -1 r -2 Matched kwif lpar id rpar Matched kwelse Matched .  
-1 -1 67 374 -1 s 324 s 71 -1 r -2 Matched kwif lpar id rpar Matched kwelse Matched .  -1 -1 r -2 Matched kwif lpar id rpar Matched kwelse Matched .  
-1 -1 67 360 -1 s 324 s 71 -1 s 65 -1 -1 r -2 Matched kwif lpar id rpar Matched kwelse Matched .  
-1 -1 64 361 -1 s 319 s 63 -1 s 66 -1 -1 r -2 Matched kwif lpar id rpar Matched kwelse Matched .  
-1 -1 67 374 -1 s 324 s 71 -1 s 67 -1 -1 r -2 Matched kwif lpar id rpar Matched kwelse Matched .  
-1 -1 67 374 -1 s 324 s 71 -1 s 67 -1 -1 -1 
-1 -1 67 360 -1 s 324 s 71 -1 s 65 -1 -1 -1 
-1 -1 64 361 -1 s 319 s 63 -1 s 66 -1 -1 -1 
-1 -1 63 -1 -1 s 319 s 63 -1 r -2 Matched kwif lpar id rpar Matched kwelse Matched .  -1 -1 r -2 Matched kwif lpar id rpar Matched kwelse Matched .  
-1 -1 71 374 -1 s 324 s 71 -1 r -2 Matched kwif lpar id rpar Matched kwelse Matched .  -1 -1 r -2 Matched kwif lpar id rpar Matched kwelse Matched .  
-1 -1 71 360 -1 s 324 s 71 -1 s 68 -1 -1 r -2 Matched kwif lpar id rpar Matched kwelse Matched .  
-1 -1 63 361 -1 s 319 s 63 -1 s 69 -1 -1 r -2 Matched kwif lpar id rpar Matched kwelse Matched .  
-1 -1 63 -1 s 320 s 319 s 63 -1 -1 -1 -1 -1 
-1 372 71 374 s 321 s 323 s 70 -1 -1 -1 -1 -1 
-1 372 71 374 -1 s 323 s 70 -1 -1 -1 -1 -1 
-1 -1 71 374 -1 s 324 s 71 -1 -1 -1 -1 -1 
-1 -1 71 360 -1 s 324 s 71 -1 s 68 -1 -1 -1 
-1 -1 63 361 -1 s 319 s 63 -1 s 69 -1 -1 -1 
-1 -1 30 360 -1 s 324 -1 -1 s 29 -1 -1 -1 
-1 -1 50 360 -1 s 324 -1 -1 s 49 -1 -1 -1 
-1 -1 73 360 -1 s 324 -1 -1 s 72 -1 -1 -1 
-1 372 324 374 s 321 s 323 -1 -1 -1 -1 -1 -1 
-1 372 324 374 -1 s 323 -1 -1 -1 -1 -1 -1 
-1 -1 324 360 -1 s 324 -1 -1 s 322 -1 -1 -1 
-1 -1 75 129 -1 s 328 s 75 -1 -1 -1 -1 r -2 Matched kwif lpar id rpar Matched kwelse Matched .  
-1 -1 76 130 -1 s 318 s 76 -1 -1 -1 -1 r -2 Matched kwif lpar id rpar Matched kwelse Matched .  
-1 372 75 129 s 326 s 327 s 74 -1 -1 -1 -1 -1 
-1 -1 76 130 s 325 s 318 s 76 -1 -1 -1 -1 -1 
-1 372 75 129 -1 s 327 s 74 -1 -1 -1 -1 -1 
-1 -1 75 129 -1 s 328 s 75 -1 -1 -1 -1 -1 
-1 -1 76 130 -1 s 318 s 76 -1 -1 -1 -1 -1 
-1 -1 77 -1 -1 s 318 s 77 -1 -1 -1 -1 -1 
-1 -1 77 -1 -1 s 318 s 77 -1 -1 -1 -1 r -2 Matched kwif lpar id rpar Matched kwelse Matched .  
-1 -1 79 374 -1 s 328 s 79 -1 -1 -1 -1 r -2 Matched kwif lpar id rpar Matched kwelse Matched .  
-1 -1 77 -1 s 325 s 318 s 77 -1 -1 -1 -1 -1 
-1 372 79 374 s 326 s 327 s 78 -1 -1 -1 -1 -1 
-1 372 79 374 -1 s 327 s 78 -1 -1 -1 -1 -1 
-1 -1 79 374 -1 s 328 s 79 -1 -1 -1 -1 -1 
-1 372 328 374 s 326 s 327 -1 -1 -1 -1 -1 -1 
-1 372 328 374 -1 s 327 -1 -1 -1 -1 -1 -1 
-1 -1 328 374 -1 s 328 -1 -1 -1 -1 -1 -1 
-1 -1 329 -1 -1 s 329 -1 -1 -1 -1 -1 -1 
-1 -1 80 -1 -1 s 329 s 80 -1 -1 -1 -1 -1 
-1 -1 81 -1 -1 s 329 s 81 -1 -1 -1 -1 -1 
-1 -1 31 -1 -1 s 329 s 81 -1 s 31 -1 -1 -1 
-1 -1 31 -1 -1 s 329 s 81 -1 r -2 Matched kwif lpar id rpar Matched kwelse Matched .  -1 -1 -1 
-1 -1 34 130 -1 s 329 s 90 -1 r -2 Matched kwif lpar id rpar Matched kwelse Matched .  -1 -1 -1 
-1 -1 34 127 -1 s 329 s 90 -1 s 32 -1 -1 -1 
-1 -1 31 361 -1 s 329 s 81 -1 s 33 -1 -1 -1 
-1 -1 34 130 -1 s 329 s 90 -1 s 34 -1 -1 -1 
-1 -1 34 127 -1 s 329 s 90 -1 s 32 -1 -1 -1 
-1 -1 31 361 -1 s 329 s 81 -1 s 33 -1 -1 -1 
-1 -1 82 -1 -1 s 329 s 81 -1 s 82 -1 -1 -1 
-1 -1 82 -1 -1 s 329 s 81 -1 r -2 Matched kwif lpar id rpar Matched kwelse Matched .  -1 -1 -1 
-1 -1 83 374 -1 s 335 s 88 -1 r -2 Matched kwif lpar id rpar Matched kwelse Matched .  -1 -1 -1 
-1 -1 84 129 -1 s 335 s 89 -1 r -2 Matched kwif lpar id rpar Matched kwelse Matched .  -1 -1 -1 
-1 -1 85 130 -1 s 329 s 90 -1 r -2 Matched kwif lpar id rpar Matched kwelse Matched .  -1 -1 -1 
-1 -1 83 374 -1 s 335 s 88 -1 s 83 -1 -1 -1 
-1 -1 84 129 -1 s 335 s 89 -1 s 84 -1 -1 -1 
-1 -1 85 130 -1 s 329 s 90 -1 s 85 -1 -1 -1 
-1 -1 89 129 -1 s 335 s 89 -1 r -2 Matched kwif lpar id rpar Matched kwelse Matched .  -1 -1 -1 
-1 -1 90 130 -1 s 329 s 90 -1 r -2 Matched kwif lpar id rpar Matched kwelse Matched .  -1 -1 -1 
-1 -1 81 -1 s 330 s 329 s 81 -1 -1 -1 -1 -1 
-1 372 88 374 s 331 s 334 s 86 -1 -1 -1 -1 -1 
-1 372 89 129 s 331 s 334 s 87 -1 -1 -1 -1 -1 
-1 9 90 130 s 330 s 329 s 1 -1 -1 -1 -1 -1 
-1 -1 90 130 s 330 s 329 s 90 -1 -1 -1 -1 -1 
-1 372 88 374 -1 s 334 s 86 -1 -1 -1 -1 -1 
-1 372 89 129 -1 s 334 s 87 -1 -1 -1 -1 -1 
-1 -1 89 129 -1 s 335 s 89 -1 -1 -1 -1 -1 
-1 9 90 130 -1 s 329 s 1 -1 -1 -1 -1 -1 
-1 -1 90 130 -1 s 329 s 90 -1 -1 -1 -1 -1 
-1 -1 38 127 -1 s 329 s 93 -1 s 36 -1 -1 -1 
-1 -1 35 361 -1 s 329 s 80 -1 s 37 -1 -1 -1 
-1 -1 91 -1 -1 s 329 s 80 -1 s 91 -1 -1 -1 
-1 -1 92 130 -1 s 329 s 93 -1 s 92 -1 -1 -1 
-1 -1 80 -1 s 330 s 329 s 80 -1 -1 -1 -1 -1 
-1 9 93 130 s 330 s 329 s 2 -1 -1 -1 -1 -1 
-1 -1 93 130 s 330 s 329 s 93 -1 -1 -1 -1 -1 
-1 9 93 130 -1 s 329 s 2 -1 -1 -1 -1 -1 
-1 -1 93 130 -1 s 329 s 93 -1 -1 -1 -1 -1 
-1 -1 94 -1 -1 s 329 s 94 -1 -1 -1 -1 -1 
-1 -1 39 -1 -1 s 329 s 94 -1 s 39 -1 -1 -1 
-1 -1 40 -1 -1 s 329 s 94 -1 s 40 -1 -1 -1 
-1 -1 40 -1 -1 s 329 s 94 -1 r -2 Matched kwif lpar id rpar Matched kwelse Matched .  -1 -1 -1 
-1 -1 43 130 -1 s 329 s 108 -1 r -2 Matched kwif lpar id rpar Matched kwelse Matched .  -1 -1 -1 
-1 -1 43 127 -1 s 329 s 108 -1 s 41 -1 -1 -1 
-1 -1 40 361 -1 s 329 s 94 -1 s 42 -1 -1 -1 
-1 -1 43 130 -1 s 329 s 108 -1 s 43 -1 -1 -1 
-1 -1 43 127 -1 s 329 s 108 -1 s 41 -1 -1 -1 
-1 -1 40 361 -1 s 329 s 94 -1 s 42 -1 -1 -1 
-1 -1 39 -1 -1 s 329 s 94 -1 r -2 Matched kwif lpar id rpar Matched kwelse Matched .  -1 -1 -1 
-1 -1 39 361 -1 s 329 s 94 -1 s 44 -1 -1 -1 
-1 -1 39 361 -1 s 329 s 94 -1 s 44 -1 -1 -1 
-1 -1 95 -1 -1 s 329 s 94 -1 s 95 -1 -1 -1 
-1 -1 95 -1 -1 s 329 s 94 -1 r -2 Matched kwif lpar id rpar Matched kwelse Matched .  -1 -1 -1 
-1 -1 99 374 -1 s 335 s 106 -1 r -2 Matched kwif lpar id rpar Matched kwelse Matched .  -1 -1 -1 
-1 -1 100 129 -1 s 335 s 107 -1 r -2 Matched kwif lpar id rpar Matched kwelse Matched .  -1 -1 -1 
-1 -1 99 360 -1 s 335 s 106 -1 s 96 -1 -1 -1 
-1 -1 101 130 -1 s 329 s 108 -1 r -2 Matched kwif lpar id rpar Matched kwelse Matched .  -1 -1 -1 
-1 -1 101 127 -1 s 329 s 108 -1 s 97 -1 -1 -1 
-1 -1 95 361 -1 s 329 s 94 -1 s 98 -1 -1 -1 
-1 -1 99 374 -1 s 335 s 106 -1 s 99 -1 -1 -1 
-1 -1 100 129 -1 s 335 s 107 -1 s 100 -1 -1 -1 
-1 -1 99 360 -1 s 335 s 106 -1 s 96 -1 -1 -1 
-1 -1 101 130 -1 s 329 s 108 -1 s 101 -1 -1 -1 
-1 -1 101 127 -1 s 329 s 108 -1 s 97 -1 -1 -1 
-1 -1 95 361 -1 s 329 s 94 -1 s 98 -1 -1 -1 
-1 -1 94 -1 -1 s 329 s 94 -1 r -2 Matched kwif lpar id rpar Matched kwelse Matched .  -1 -1 -1 
-1 -1 106 374 -1 s 335 s 106 -1 r -2 Matched kwif lpar id rpar Matched kwelse Matched .  -1 -1 -1 
-1 -1 106 360 -1 s 335 s 106 -1 s 102 -1 -1 -1 
-1 -1 94 361 -1 s 329 s 94 -1 s 103 -1 -1 -1 
-1 -1 94 -1 s 330 s 329 s 94 -1 -1 -1 -1 -1 
-1 372 106 374 s 331 s 334 s 104 -1 -1 -1 -1 -1 
-1 372 107 129 s 331 s 334 s 105 -1 -1 -1 -1 -1 
-1 9 108 130 s 330 s 329 s 3 -1 -1 -1 -1 -1 
-1 -1 108 130 s 330 s 329 s 108 -1 -1 -1 -1 -1 
-1 372 106 374 -1 s 334 s 104 -1 -1 -1 -1 -1 
-1 372 107 129 -1 s 334 s 105 -1 -1 -1 -1 -1 
-1 -1 106 374 -1 s 335 s 106 -1 -1 -1 -1 -1 
-1 -1 106 360 -1 s 335 s 106 -1 s 102 -1 -1 -1 
-1 9 108 130 -1 s 329 s 3 -1 -1 -1 -1 -1 
-1 -1 108 130 -1 s 329 s 108 -1 -1 -1 -1 -1 
-1 -1 94 361 -1 s 329 s 94 -1 s 103 -1 -1 -1 
-1 -1 51 -1 -1 s 329 -1 -1 s 51 -1 -1 -1 
-1 -1 45 -1 -1 s 329 -1 -1 s 45 -1 -1 -1 
-1 -1 48 127 -1 s 329 s 114 -1 s 46 -1 -1 -1 
-1 -1 45 361 -1 s 329 -1 -1 s 47 -1 -1 -1 
-1 -1 51 361 -1 s 329 -1 -1 s 52 -1 -1 -1 
-1 -1 109 -1 -1 s 329 -1 -1 s 109 -1 -1 -1 
-1 -1 112 130 -1 s 329 s 114 -1 s 112 -1 -1 -1 
-1 -1 112 127 -1 s 329 s 114 -1 s 110 -1 -1 -1 
-1 -1 109 361 -1 s 329 -1 -1 s 111 -1 -1 -1 
-1 -1 329 -1 s 330 s 329 -1 -1 -1 -1 -1 -1 
-1 372 335 374 s 331 s 334 -1 -1 -1 -1 -1 -1 
-1 9 114 130 s 330 s 329 s 4 -1 -1 -1 -1 -1 
-1 -1 114 130 s 330 s 329 s 114 -1 -1 -1 -1 -1 
-1 372 335 374 -1 s 334 -1 -1 -1 -1 -1 -1 
-1 -1 335 360 -1 s 335 -1 -1 s 332 -1 -1 -1 
-1 9 114 130 -1 s 329 s 4 -1 -1 -1 -1 -1 
-1 -1 114 130 -1 s 329 s 114 -1 -1 -1 -1 -1 
-1 -1 114 127 -1 s 329 s 114 -1 s 113 -1 -1 -1 
-1 -1 329 361 -1 s 329 -1 -1 s 333 -1 -1 -1 
-1 -1 336 -1 s 336 -1 -1 -1 -1 -1 -1 -1 
-1 -1 337 -1 s 337 -1 -1 -1 -1 -1 -1 -1 
-1 -1 337 -1 s 337 -1 -1 -1 -1 -1 s 358 -1 
-1 375 341 377 s 340 -1 -1 -1 -1 -1 s 358 -1 
-1 362 339 369 s 338 -1 -1 s 363 -1 -1 -1 -1 
-1 375 341 377 s 340 -1 -1 -1 -1 -1 -1 -1 
-1 -1 341 377 s 341 -1 -1 -1 -1 -1 -1 -1 
-1 -1 336 -1 s 336 -1 -1 -1 -1 -1 s 357 -1 
-1 375 343 377 s 342 -1 -1 -1 -1 -1 s 357 -1 
-1 375 343 377 s 342 -1 -1 -1 -1 -1 -1 -1 
-1 -1 343 377 s 343 -1 -1 -1 -1 -1 -1 -1 
-1 -1 344 -1 s 344 -1 -1 -1 -1 -1 -1 -1 
-1 -1 344 -1 s 344 -1 -1 -1 -1 -1 s 359 -1 
-1 375 350 377 s 349 -1 -1 -1 -1 -1 s 359 -1 
-1 362 348 369 s 346 -1 -1 s 363 -1 -1 -1 -1 
-1 362 347 371 s 345 -1 -1 s 363 -1 -1 -1 -1 
-1 375 350 377 s 349 -1 -1 -1 -1 -1 -1 -1 
-1 -1 350 377 s 350 -1 -1 -1 -1 -1 -1 -1 
-1 -1 115 -1 -1 -1 s 115 -1 -1 -1 -1 -1 
-1 -1 116 -1 -1 -1 s 116 -1 -1 -1 -1 -1 
-1 372 118 129 -1 s 373 s 117 -1 -1 -1 -1 -1 
-1 -1 118 129 -1 s 374 s 118 -1 -1 -1 -1 -1 
-1 9 119 130 -1 -1 s 5 -1 -1 -1 -1 -1 
-1 -1 119 130 -1 -1 s 119 -1 -1 -1 -1 -1 
-1 9 120 130 -1 -1 s 6 -1 -1 -1 -1 -1 
-1 -1 120 130 -1 -1 s 120 -1 -1 -1 -1 -1 
-1 -1 121 -1 -1 -1 s 121 -1 -1 -1 -1 -1 
-1 372 124 374 -1 s 373 s 122 -1 -1 -1 -1 -1 
-1 372 125 129 -1 s 373 s 123 -1 -1 -1 -1 -1 
-1 -1 124 374 -1 s 374 s 124 -1 -1 -1 -1 -1 
-1 -1 125 129 -1 s 374 s 125 -1 -1 -1 -1 -1 
-1 9 126 130 -1 -1 s 7 -1 -1 -1 -1 -1 
-1 -1 126 130 -1 -1 s 126 -1 -1 -1 -1 -1 
-1 -1 -1 -1 s 354 -1 -1 -1 -1 -1 -1 -1 
-1 -1 -1 -1 s 355 -1 -1 -1 -1 -1 -1 -1 
-1 -1 -1 -1 s 356 -1 -1 -1 -1 -1 -1 -1 
-1 -1 -1 -1 -1 -1 -1 -1 -1 -1 s 357 -1 
-1 -1 -1 -1 -1 -1 -1 -1 -1 -1 s 358 -1 
-1 -1 -1 -1 -1 -1 -1 -1 -1 -1 s 359 -1 
-1 -1 -1 -1 -1 -1 -1 -1 -1 -1 -1 r -2 Matched lbrace id rbrace .  
-1 -1 -1 -1 -1 -1 -1 -1 r -2 Matched lbrace id rbrace .  -1 -1 r -2 Matched lbrace id rbrace .  
-1 -1 -1 -1 -1 -1 -1 -1 r -2 Matched lbrace id rbrace .  -1 -1 -1 
-1 362 368 369 s 364 -1 -1 s 363 -1 -1 -1 -1 
-1 362 367 371 -1 -1 -1 s 363 -1 -1 -1 -1 
-1 372 -1 -1 -1 s 372 -1 -1 -1 -1 -1 -1 
-1 372 374 374 -1 s 373 -1 -1 -1 -1 -1 -1 
-1 372 129 129 -1 s 373 s 128 -1 -1 -1 -1 -1 
-1 372 -1 -1 -1 s 372 -1 -1 -1 -1 -1 r -2 Unmatched kwif lpar id rpar IfOp .  
-1 372 -1 -1 -1 s 372 -1 -1 -1 -1 -1 acc -2 
-1 -1 374 374 -1 s 374 -1 -1 -1 -1 -1 -1 
-1 -1 129 129 -1 s 374 s 129 -1 -1 -1 -1 -1 
-1 -1 129 129 -1 s 374 s 129 -1 -1 -1 -1 r -2 Unmatched kwif lpar id rpar Matched kwelse Unmatched .  
-1 -1 374 360 -1 s 374 -1 -1 s 360 -1 -1 r -2 Unmatched kwif lpar id rpar Matched kwelse Unmatched .  
-1 -1 374 374 -1 s 374 -1 -1 -1 -1 -1 r -2 Unmatched kwif lpar id rpar Matched kwelse Unmatched .  
-1 375 -1 -1 s 375 -1 -1 -1 -1 -1 -1 -1 
-1 375 377 377 s 376 -1 -1 -1 -1 -1 -1 -1 
-1 -1 377 377 s 377 -1 -1 -1 -1 -1 -1 -1 
-1 9 -1 -1 -1 -1 s 9 -1 -1 -1 -1 -1 
-1 9 130 130 -1 -1 s 8 -1 -1 -1 -1 -1 
-1 -1 130 130 -1 -1 s 130 -1 -1 -1 -1 -1 
-1 -1 130 127 -1 -1 s 130 -1 s 127 -1 -1 -1 
-1 -1 -1 361 -1 -1 -1 -1 s 361 -1 -1 -1 
